{
 "cells": [
  {
   "cell_type": "markdown",
   "metadata": {},
   "source": [
    "# Figure 7 SM"
   ]
  },
  {
   "cell_type": "code",
   "execution_count": 2,
   "metadata": {},
   "outputs": [
    {
     "data": {
      "text/html": [
       "        <script type=\"text/javascript\">\n",
       "        window.PlotlyConfig = {MathJaxConfig: 'local'};\n",
       "        if (window.MathJax) {MathJax.Hub.Config({SVG: {font: \"STIX-Web\"}});}\n",
       "        if (typeof require !== 'undefined') {\n",
       "        require.undef(\"plotly\");\n",
       "        requirejs.config({\n",
       "            paths: {\n",
       "                'plotly': ['https://cdn.plot.ly/plotly-latest.min']\n",
       "            }\n",
       "        });\n",
       "        require(['plotly'], function(Plotly) {\n",
       "            window._Plotly = Plotly;\n",
       "        });\n",
       "        }\n",
       "        </script>\n",
       "        "
      ]
     },
     "metadata": {},
     "output_type": "display_data"
    }
   ],
   "source": [
    "import autodisc as ad\n",
    "import random\n",
    "import numpy as np\n",
    "import collections\n",
    "import os\n",
    "import plotly\n",
    "import plotly.graph_objs as go\n",
    "plotly.offline.init_notebook_mode(connected=True)"
   ]
  },
  {
   "cell_type": "code",
   "execution_count": 3,
   "metadata": {},
   "outputs": [],
   "source": [
    "# default print properties\n",
    "multiplier = 2\n",
    "\n",
    "pixel_cm_ration = 36.5\n",
    "\n",
    "width_full = int(13.95 * pixel_cm_ration) * multiplier\n",
    "width_half = int(13.95/2 * pixel_cm_ration) * multiplier\n",
    "\n",
    "height_default_1 = int(4.5 * pixel_cm_ration) * multiplier\n",
    "height_default_2 = int(7 * pixel_cm_ration) * multiplier\n",
    "\n",
    "# margins in pixel\n",
    "top_margin = 0 * multiplier \n",
    "left_margin = 10 * multiplier \n",
    "right_margin = 0 * multiplier \n",
    "bottom_margin = 10 * multiplier \n",
    "\n",
    "font_size = 8 * multiplier \n",
    "font_family='Times New Roman'\n",
    "\n",
    "line_width = 2 * multiplier "
   ]
  },
  {
   "cell_type": "code",
   "execution_count": 4,
   "metadata": {},
   "outputs": [
    {
     "data": {
      "text/html": [
       "        <script type=\"text/javascript\">\n",
       "        window.PlotlyConfig = {MathJaxConfig: 'local'};\n",
       "        if (window.MathJax) {MathJax.Hub.Config({SVG: {font: \"STIX-Web\"}});}\n",
       "        if (typeof require !== 'undefined') {\n",
       "        require.undef(\"plotly\");\n",
       "        requirejs.config({\n",
       "            paths: {\n",
       "                'plotly': ['https://cdn.plot.ly/plotly-latest.min']\n",
       "            }\n",
       "        });\n",
       "        require(['plotly'], function(Plotly) {\n",
       "            window._Plotly = Plotly;\n",
       "        });\n",
       "        }\n",
       "        </script>\n",
       "        "
      ]
     },
     "metadata": {},
     "output_type": "display_data"
    }
   ],
   "source": [
    "plotly.offline.init_notebook_mode(connected=True)\n",
    "\n",
    "org_experiment_definitions = dict()\n",
    "\n",
    "org_experiment_definitions['main_paper'] = [\n",
    "    dict(id = '1',\n",
    "         directory = '../experiments/IMGEP-VAE',\n",
    "         name = 'IMGEP-VAE',\n",
    "         is_default = True),\n",
    "\n",
    "    dict(id = '2',\n",
    "         directory = '../experiments/IMGEP-HOLMES',\n",
    "         name = 'IMGEP-HOLMES',\n",
    "         is_default = True),\n",
    "]\n",
    "repetition_ids = list(range(10))\n",
    "\n",
    "# define names and load the data\n",
    "experiment_name_format = '<name>' # <id>, <name>\n",
    "\n",
    "#global experiment_definitions\n",
    "experiment_definitions = []\n",
    "experiment_statistics = []\n",
    "\n",
    "current_experiment_list = 'main_paper'\n",
    "\n",
    "experiment_definitions = []\n",
    "for org_exp_def in org_experiment_definitions[current_experiment_list]:\n",
    "    new_exp_def = dict()\n",
    "    new_exp_def['directory'] = org_exp_def['directory']\n",
    "    if 'is_default' in org_exp_def:\n",
    "        new_exp_def['is_default'] = org_exp_def['is_default']\n",
    "\n",
    "    if 'name' in org_exp_def:\n",
    "        new_exp_def['id'] = ad.gui.jupyter.misc.replace_str_from_dict(experiment_name_format, {'id': org_exp_def['id'], 'name': org_exp_def['name']})\n",
    "    else:\n",
    "        new_exp_def['id'] = ad.gui.jupyter.misc.replace_str_from_dict(experiment_name_format, {'id': org_exp_def['id']})\n",
    "\n",
    "    experiment_definitions.append(new_exp_def)\n",
    "\n",
    "experiment_statistics = dict()\n",
    "for experiment_definition in experiment_definitions:\n",
    "    experiment_statistics[experiment_definition['id']] = dict()\n",
    "    for repetition_idx in repetition_ids:\n",
    "        experiment_statistics[experiment_definition['id']][repetition_idx] = ad.gui.jupyter.misc.load_statistics(os.path.join(experiment_definition['directory'], 'repetition_{:06d}'.format(repetition_idx)))\n",
    "       "
   ]
  },
  {
   "cell_type": "markdown",
   "metadata": {},
   "source": [
    "# Plotting"
   ]
  },
  {
   "cell_type": "markdown",
   "metadata": {},
   "source": [
    "## RSA Matrix"
   ]
  },
  {
   "cell_type": "code",
   "execution_count": 5,
   "metadata": {},
   "outputs": [],
   "source": [
    "def plot_goalspaces_RSAmatrix(RSA_matrix, config=None, **kwargs):\n",
    "    \n",
    "    default_config = dict(\n",
    "            random_seed = 0,\n",
    "\n",
    "            # global style config\n",
    "            global_layout = dict(\n",
    "                    \n",
    "                    xaxis=dict(\n",
    "                        showline = True,\n",
    "                        linewidth = 1,\n",
    "                        zeroline=False,\n",
    "                        ticks = \"\",\n",
    "                        tickfont = dict(\n",
    "                            family=font_family,\n",
    "                            size=12, \n",
    "                            ),\n",
    "                    ),\n",
    "                    yaxis=dict(\n",
    "                        showline = True,\n",
    "                        linewidth = 1,\n",
    "                        zeroline=False,\n",
    "                        ticks = \"\",\n",
    "                        tickfont = dict(\n",
    "                            family=font_family,\n",
    "                            size=12, \n",
    "                            ),\n",
    "                    ),\n",
    "                    font = dict(\n",
    "                        family=font_family, \n",
    "                        size=font_size, \n",
    "                        ),\n",
    "                    width = width_half, # in cm\n",
    "                    height = height_default_1 , # in cm\n",
    "\n",
    "                    margin = dict(\n",
    "                        l=left_margin, #left margin in pixel\n",
    "                        r=right_margin, #right margin in pixel\n",
    "                        b=bottom_margin, #bottom margin in pixel\n",
    "                        t=top_margin,  #top margin in pixel\n",
    "                        ),\n",
    "                    title = \"\",\n",
    "                    hovermode='closest',\n",
    "                    showlegend =  True,\n",
    "                ),\n",
    "            \n",
    "            colorscale = 'Viridis',\n",
    "            showscale = False\n",
    "            )\n",
    "    \n",
    "    config = ad.config.set_default_config(kwargs, config, default_config)\n",
    "    random.seed(config.random_seed)\n",
    "    \n",
    "    n_goal_spaces = len(config.space_names)\n",
    "    x = np.array(config.space_names)\n",
    "    y = np.array(config.space_names)    \n",
    "    z = np.asarray([[RSA_matrix[m_i, m_j] for m_i in range(n_goal_spaces)] for m_j in range(n_goal_spaces)])\n",
    "    \n",
    "    figure = dict(data=[go.Heatmap(x=x, y=y, z=z, colorscale=config.colorscale, showscale=config.showscale)], layout=config.global_layout)\n",
    "    plotly.offline.iplot(figure)\n",
    "    \n",
    "    return figure\n"
   ]
  },
  {
   "cell_type": "code",
   "execution_count": 6,
   "metadata": {},
   "outputs": [],
   "source": [
    "default_config = dict(\n",
    "    plotly_format = 'svg',\n",
    "    layout = dict(\n",
    "        title = \"RSA Similarity Before and After <br> Training Stage\",\n",
    "        xaxis = dict(\n",
    "            range=[-1, 48],\n",
    "            title = 'training stage'\n",
    "            ),\n",
    "        yaxis = dict(\n",
    "            title = 'RSA similarity'\n",
    "            ),\n",
    "        font = dict(\n",
    "            family=font_family, \n",
    "            size=font_size, \n",
    "            ),\n",
    "        updatemenus=[],\n",
    "        width=width_half, # in cm\n",
    "        height=height_default_1, # in cm\n",
    "        \n",
    "        margin = dict(\n",
    "            l=left_margin, #left margin in pixel\n",
    "            r=right_margin, #right margin in pixel\n",
    "            b=bottom_margin, #bottom margin in pixel\n",
    "            t=top_margin,  #top margin in pixel\n",
    "            ),\n",
    "\n",
    "       showlegend = False,       \n",
    "        ),\n",
    "    \n",
    "    default_mean_trace = dict(line=dict(width = line_width), mode='lines+markers'),\n",
    "    \n",
    "    std=dict(\n",
    "            style='errorbar',\n",
    "            visible=True\n",
    "        ),\n",
    "   \n",
    ")"
   ]
  },
  {
   "cell_type": "markdown",
   "metadata": {},
   "source": [
    "# IMGEP-VAE"
   ]
  },
  {
   "cell_type": "code",
   "execution_count": 7,
   "metadata": {
    "scrolled": false
   },
   "outputs": [
    {
     "data": {
      "application/vnd.plotly.v1+json": {
       "config": {
        "linkText": "Export to plot.ly",
        "plotlyServerURL": "https://plot.ly",
        "showLink": false
       },
       "data": [
        {
         "colorscale": [
          [
           0,
           "#440154"
          ],
          [
           0.1111111111111111,
           "#482878"
          ],
          [
           0.2222222222222222,
           "#3e4989"
          ],
          [
           0.3333333333333333,
           "#31688e"
          ],
          [
           0.4444444444444444,
           "#26828e"
          ],
          [
           0.5555555555555556,
           "#1f9e89"
          ],
          [
           0.6666666666666666,
           "#35b779"
          ],
          [
           0.7777777777777778,
           "#6ece58"
          ],
          [
           0.8888888888888888,
           "#b5de2b"
          ],
          [
           1,
           "#fde725"
          ]
         ],
         "showscale": false,
         "type": "heatmap",
         "x": [
          "1",
          "2",
          "3",
          "4",
          "5",
          "6",
          "7",
          "8",
          "9",
          "10",
          "11",
          "12",
          "13",
          "14",
          "15",
          "16",
          "17",
          "18",
          "19",
          "20",
          "21",
          "22",
          "23",
          "24",
          "25",
          "26",
          "27",
          "28",
          "29",
          "30",
          "31",
          "32",
          "33",
          "34",
          "35",
          "36",
          "37",
          "38",
          "39",
          "40",
          "41",
          "42",
          "43",
          "44",
          "45",
          "46",
          "47",
          "48",
          "49"
         ],
         "y": [
          "1",
          "2",
          "3",
          "4",
          "5",
          "6",
          "7",
          "8",
          "9",
          "10",
          "11",
          "12",
          "13",
          "14",
          "15",
          "16",
          "17",
          "18",
          "19",
          "20",
          "21",
          "22",
          "23",
          "24",
          "25",
          "26",
          "27",
          "28",
          "29",
          "30",
          "31",
          "32",
          "33",
          "34",
          "35",
          "36",
          "37",
          "38",
          "39",
          "40",
          "41",
          "42",
          "43",
          "44",
          "45",
          "46",
          "47",
          "48",
          "49"
         ],
         "z": [
          [
           1.0000000127369297,
           0.8779227489299336,
           0.3383962475307086,
           0.3427050654872961,
           0.3660074290609072,
           0.36965025300237264,
           0.3982194391824101,
           0.40344336004744635,
           0.42463081688638715,
           0.42024281798273944,
           0.4289675931471747,
           0.4385944210016071,
           0.4499781331861755,
           0.44357414151727664,
           0.43549906835587393,
           0.4624287386186314,
           0.4431458888990599,
           0.4359352043493374,
           0.437717163575329,
           0.4360367701742704,
           0.43053154883319567,
           0.4458308893217591,
           0.42956559269633265,
           0.43655367734138184,
           0.4337855809421329,
           0.4198030655531307,
           0.4103029684865066,
           0.41712076867705317,
           0.41051312997028083,
           0.4166826489842116,
           0.41843438823551643,
           0.40636898911047364,
           0.39741224953937937,
           0.39444271781228696,
           0.39307896439001305,
           0.3840925603998757,
           0.39289566724305686,
           0.3794060348691702,
           0.3820912519085219,
           0.37912971300046844,
           0.37562071825502275,
           0.37389851095674337,
           0.3694997564389005,
           0.3659285191616158,
           0.36553730452643035,
           0.3685059690458687,
           0.3765407324623935,
           0.3708069686848415,
           0.3665509207601017
          ],
          [
           0.8779227489299336,
           0.9999997431118557,
           0.45086317945731563,
           0.4421924991283675,
           0.45274951481133896,
           0.4639131724285218,
           0.504156161773372,
           0.5008976893540824,
           0.5218694410039033,
           0.5141090620716399,
           0.5286130156169397,
           0.5291582438426373,
           0.5405689855989166,
           0.5417300701736522,
           0.5300856786160566,
           0.5580309220654535,
           0.5418982011746174,
           0.5382766614912802,
           0.5372777691518666,
           0.5379322613929879,
           0.5326134105262192,
           0.5460631930516222,
           0.5323574167773918,
           0.5403340915890253,
           0.5356788232368463,
           0.5183340858869754,
           0.5098906971033969,
           0.5157939832014411,
           0.5128883882661438,
           0.5220606041696921,
           0.5197230004028082,
           0.5064997879844223,
           0.499413565026977,
           0.499784046094533,
           0.4956432082681893,
           0.4917176092704342,
           0.500245745361505,
           0.4830048826947319,
           0.4876953896829455,
           0.48407155883107433,
           0.47947087139634115,
           0.4778563375456601,
           0.4765702171268342,
           0.46903184209461396,
           0.46855741621919866,
           0.47341774713293994,
           0.4779787670823545,
           0.47452260223807086,
           0.4689620137911709
          ],
          [
           0.3383962475307086,
           0.45086317945731563,
           1.0000000131794524,
           0.939526850582266,
           0.8962098480337981,
           0.8925805626751213,
           0.8770698374569283,
           0.8779568171846768,
           0.8352915142976396,
           0.8480343524703751,
           0.8432338861481327,
           0.8320666152165164,
           0.8469941070967565,
           0.831394564814733,
           0.8469262411849544,
           0.833079361468795,
           0.841802272966192,
           0.838354425174555,
           0.8333526376154459,
           0.844403493965172,
           0.8389950004271254,
           0.8310978675023069,
           0.8427542990942393,
           0.8356191447162853,
           0.8319300842178319,
           0.8308480992679699,
           0.8362533291777912,
           0.8323276271831095,
           0.834802837051675,
           0.8415614559860303,
           0.8393308166111372,
           0.8295330494767321,
           0.8333513723128697,
           0.8124168278182826,
           0.8263156284283943,
           0.8296264842414246,
           0.8365214908011449,
           0.8285368361215367,
           0.8240225417039342,
           0.8304341657205192,
           0.831646172288042,
           0.8228769707185974,
           0.8318185262708437,
           0.8177431509403802,
           0.8210585417786082,
           0.8236468386099045,
           0.8238676114374259,
           0.8330350725369464,
           0.8123960784028003
          ],
          [
           0.3427050654872961,
           0.4421924991283675,
           0.939526850582266,
           0.9999999995297121,
           0.960643812909984,
           0.9542830543690521,
           0.9214941231610893,
           0.9195137995868197,
           0.8804900114193311,
           0.8908376471462081,
           0.8784795380253438,
           0.8727714918818995,
           0.8851795158604645,
           0.8752581538375883,
           0.8834472601018634,
           0.8681377830558054,
           0.877125200971233,
           0.8760206208383321,
           0.8754918604746047,
           0.8785996204080215,
           0.8784690066987519,
           0.8674942096365043,
           0.879900773583302,
           0.8723620779241171,
           0.8701545646365895,
           0.8684888429144666,
           0.8754997845819651,
           0.870182124734673,
           0.8699767911566919,
           0.8688526333563292,
           0.8714183116314692,
           0.8744196421233436,
           0.8677739095924285,
           0.8531872978912391,
           0.8676004457985352,
           0.8646369717809463,
           0.8713261607747858,
           0.8691114377364045,
           0.8613367669537384,
           0.8674097710617009,
           0.8717636938149026,
           0.864825717607559,
           0.8682797481502756,
           0.8569686843145502,
           0.8627578690138513,
           0.8651850588189327,
           0.8617397089791661,
           0.8697107357748051,
           0.8553798991865776
          ],
          [
           0.3660074290609072,
           0.45274951481133896,
           0.8962098480337981,
           0.960643812909984,
           0.9999999686482429,
           0.9748704672590137,
           0.9350300935364227,
           0.9469737625430114,
           0.9026309923602752,
           0.9113730492386194,
           0.9033650371125379,
           0.8944388526381796,
           0.9079568774029176,
           0.901196813373604,
           0.9088086114599738,
           0.8922651301411713,
           0.8967549461039026,
           0.8984415249691563,
           0.8958016023516272,
           0.9026855871818013,
           0.9014196785923908,
           0.8903515434122937,
           0.9005093201928254,
           0.8971371649384111,
           0.8959785849978531,
           0.8891438954423171,
           0.8993713441661207,
           0.8936835587781039,
           0.8945398516443976,
           0.8887190714930242,
           0.8930887297800735,
           0.8984568387256158,
           0.8904386926322505,
           0.8779222390007169,
           0.889490848527285,
           0.8842085358673422,
           0.8922936432373999,
           0.893998957382779,
           0.8820708142801784,
           0.8892223906379868,
           0.893631699909171,
           0.8866171185862187,
           0.8893892330487819,
           0.8802319540782405,
           0.8838832428463588,
           0.8842691434944576,
           0.8820886521621762,
           0.8884873616011193,
           0.8775646870192414
          ],
          [
           0.36965025300237264,
           0.4639131724285218,
           0.8925805626751213,
           0.9542830543690521,
           0.9748704672590137,
           1.0000000042840436,
           0.97063886882667,
           0.9675097951653511,
           0.9414478847252414,
           0.9463477589759695,
           0.9354289589311258,
           0.9298709928722978,
           0.9370539618771777,
           0.9291711089660416,
           0.9337205644086989,
           0.9204891499642872,
           0.9280771594473726,
           0.9255061119257868,
           0.9246221244744638,
           0.9283353458670817,
           0.9263052429460044,
           0.9181114940253409,
           0.9267735185307068,
           0.919842846483558,
           0.9164465624278558,
           0.9183309503933522,
           0.9227877567758337,
           0.9174268387312837,
           0.9149297639106057,
           0.9131980134389964,
           0.9139777309708372,
           0.9192321965561133,
           0.9117001321844846,
           0.9019181361857962,
           0.913948872923135,
           0.910244985304626,
           0.9132238903686949,
           0.9117954758803444,
           0.9057196318317013,
           0.910506675136473,
           0.9132782611739904,
           0.9078391030725921,
           0.9083766957403765,
           0.9027911655741302,
           0.9082920493747345,
           0.9090560022191774,
           0.9065191364746816,
           0.9099348929264339,
           0.901002438612586
          ],
          [
           0.3982194391824101,
           0.504156161773372,
           0.8770698374569283,
           0.9214941231610893,
           0.9350300935364227,
           0.97063886882667,
           1.0000000338791961,
           0.9692986098896619,
           0.9692596976738677,
           0.9672897990138049,
           0.957008459518108,
           0.9532670643232101,
           0.9545263142952083,
           0.9478982517835007,
           0.9475393896467237,
           0.9437110239895813,
           0.9494846242366322,
           0.945270627371885,
           0.944990201801149,
           0.9456049579836301,
           0.9420435861584017,
           0.9380389834664465,
           0.9433160004255963,
           0.9347730858272771,
           0.9287813270800788,
           0.9371151703740261,
           0.9348382328207107,
           0.930339118090665,
           0.9252268957092924,
           0.9290245361157037,
           0.925324621348757,
           0.9285880128959817,
           0.9241277320289162,
           0.9184193865139584,
           0.9288554185368056,
           0.9274557720010598,
           0.9233715274218108,
           0.9189903282849843,
           0.9201194287888618,
           0.9200211656324374,
           0.9191100347563049,
           0.9189781963936795,
           0.9151047763371019,
           0.9124472288740642,
           0.9188056241646182,
           0.9199716326995053,
           0.9178506452401924,
           0.9176553485983154,
           0.9120916801978883
          ],
          [
           0.40344336004744635,
           0.5008976893540824,
           0.8779568171846768,
           0.9195137995868197,
           0.9469737625430114,
           0.9675097951653511,
           0.9692986098896619,
           1.00000000874926,
           0.9654848584567475,
           0.9745564811406701,
           0.972338279013233,
           0.9568223840994945,
           0.9652074649675441,
           0.9579133067936837,
           0.9624241630325026,
           0.9508459226095005,
           0.9529946457075258,
           0.9519103417436626,
           0.9467551340533165,
           0.9551718883401012,
           0.9513935286990928,
           0.9455120464691436,
           0.9509197455988975,
           0.9484605227090438,
           0.9453761124729169,
           0.9454435260219506,
           0.9486778164007984,
           0.9468419292162578,
           0.943758069206671,
           0.9449765136805148,
           0.9440117699477908,
           0.9436606469745071,
           0.9425246992457762,
           0.9308444207163248,
           0.9386479448701854,
           0.9369780642132464,
           0.9401816174244149,
           0.9391465441832181,
           0.9320707623893807,
           0.9394693865564344,
           0.9404325078605111,
           0.9326702642026219,
           0.935280294566289,
           0.9324378112839875,
           0.9340403900793977,
           0.9340368591749344,
           0.936691221034993,
           0.9372874132892192,
           0.928652395562747
          ],
          [
           0.42463081688638715,
           0.5218694410039033,
           0.8352915142976396,
           0.8804900114193311,
           0.9026309923602752,
           0.9414478847252414,
           0.9692596976738677,
           0.9654848584567475,
           1.0000000155103907,
           0.9812933871503006,
           0.9713701222501462,
           0.9720939511786824,
           0.9698470203027026,
           0.9633027199025974,
           0.9598509276161765,
           0.9612296781930069,
           0.9642259428136515,
           0.9594666402469637,
           0.9599493490808657,
           0.9559693792862436,
           0.9533283282917214,
           0.9524559691334241,
           0.9516505604703629,
           0.9446895767912465,
           0.939686900631567,
           0.9496935609480982,
           0.9424527205883482,
           0.9382512183293424,
           0.9320863193181588,
           0.9344423771854677,
           0.931766547800156,
           0.9383718169163328,
           0.9312378032241705,
           0.9295243731694725,
           0.9382072693177589,
           0.9341632442907002,
           0.9272015759198208,
           0.9245778532853944,
           0.9307843836716846,
           0.9269344300256579,
           0.9239231554266606,
           0.927237221354137,
           0.917787326156777,
           0.9192962737205764,
           0.9267093113438564,
           0.9270398879426126,
           0.9263560230010067,
           0.9232764426846841,
           0.9202151126417476
          ],
          [
           0.42024281798273944,
           0.5141090620716399,
           0.8480343524703751,
           0.8908376471462081,
           0.9113730492386194,
           0.9463477589759695,
           0.9672897990138049,
           0.9745564811406701,
           0.9812933871503006,
           1.0000000390515602,
           0.9823271921090743,
           0.9796743679094891,
           0.9788674942442603,
           0.9723077327230119,
           0.9698604900277504,
           0.9652559972293161,
           0.9681343874563912,
           0.9659984592242715,
           0.9642703286371571,
           0.963708621651863,
           0.9618598111653449,
           0.9569168938320409,
           0.9589278829094839,
           0.953923533777367,
           0.9489773061291376,
           0.9583115959477573,
           0.9538395811261021,
           0.9502934969340752,
           0.944003602788407,
           0.9474341034169365,
           0.9464539210538413,
           0.9499530968497537,
           0.9446009719972651,
           0.9403867945390948,
           0.9478382521703678,
           0.9449924365852588,
           0.9422012074058128,
           0.9398545371232477,
           0.9418670334896049,
           0.9426895530527619,
           0.9402512590423706,
           0.939771236349693,
           0.9344503469914963,
           0.9351843701356047,
           0.9411172742986316,
           0.9407006285974424,
           0.9416511657943354,
           0.9379514044448977,
           0.9348878582910704
          ],
          [
           0.4289675931471747,
           0.5286130156169397,
           0.8432338861481327,
           0.8784795380253438,
           0.9033650371125379,
           0.9354289589311258,
           0.957008459518108,
           0.972338279013233,
           0.9713701222501462,
           0.9823271921090743,
           0.9999998297852511,
           0.9832097512437192,
           0.9838041204657655,
           0.9788405627266389,
           0.9778783637782963,
           0.9733477576532867,
           0.9733534281219937,
           0.9701156283962539,
           0.9667078888542269,
           0.9706736626961705,
           0.9669578789702101,
           0.9637414362678872,
           0.965687430539133,
           0.9629410052796603,
           0.9586112129417849,
           0.9624605498775356,
           0.9608397861444375,
           0.9593822394541589,
           0.9541276900431533,
           0.9575026940479361,
           0.9554692316261844,
           0.9557821839859493,
           0.9548510995110736,
           0.9477699956595026,
           0.9538114398320852,
           0.9540621100302953,
           0.9511241477812813,
           0.9474707490062331,
           0.9474191482412304,
           0.9501086545145956,
           0.9477359620301994,
           0.9462109472215373,
           0.9439502743296795,
           0.9445280889711847,
           0.9471544901916676,
           0.9466776863524127,
           0.9491329974791448,
           0.9472248487213796,
           0.9430498003405391
          ],
          [
           0.4385944210016071,
           0.5291582438426373,
           0.8320666152165164,
           0.8727714918818995,
           0.8944388526381796,
           0.9298709928722978,
           0.9532670643232101,
           0.9568223840994945,
           0.9720939511786824,
           0.9796743679094891,
           0.9832097512437192,
           1.0000001635436087,
           0.9915373160384714,
           0.9851651271404747,
           0.9816582687381825,
           0.979469289729115,
           0.9813342706888458,
           0.9761366195799389,
           0.9764231220692561,
           0.9740906254645538,
           0.9712908677790917,
           0.9690612319130242,
           0.9683234078608227,
           0.9644770361893175,
           0.959018266022575,
           0.9673440461328648,
           0.9625804378675171,
           0.9601376199841233,
           0.9512964788089803,
           0.954450667127626,
           0.9523248897847592,
           0.9596046047536402,
           0.9532177249420417,
           0.9501829587619646,
           0.9595394433585549,
           0.9546492154719404,
           0.9486900449052059,
           0.9461722609371087,
           0.9507440301571121,
           0.9494166940164643,
           0.9452221003363621,
           0.9493272944206537,
           0.9385479603873607,
           0.9422449289434003,
           0.9490450233339934,
           0.9487004260071015,
           0.9491273687643391,
           0.9458168625235179,
           0.9441086133787421
          ],
          [
           0.4499781331861755,
           0.5405689855989166,
           0.8469941070967565,
           0.8851795158604645,
           0.9079568774029176,
           0.9370539618771777,
           0.9545263142952083,
           0.9652074649675441,
           0.9698470203027026,
           0.9788674942442603,
           0.9838041204657655,
           0.9915373160384714,
           0.999999960284626,
           0.9910909700184898,
           0.9899916946634871,
           0.9843793056320795,
           0.9869441213201752,
           0.9827280297682291,
           0.9815749708097701,
           0.9822656971420236,
           0.9787267463843361,
           0.9762949680911518,
           0.9765394883280449,
           0.9733969851210873,
           0.9688411931256912,
           0.9740326823675943,
           0.9710905270968739,
           0.9690454546143733,
           0.9623147652021171,
           0.9650827090469482,
           0.9636904266114303,
           0.9672389989685344,
           0.962500995598993,
           0.9568694171809361,
           0.9655062492529493,
           0.9611335161046052,
           0.95819973620408,
           0.9556481971958843,
           0.9565688158598504,
           0.957854210463966,
           0.9549612221054827,
           0.9552001418856986,
           0.9483882452607285,
           0.9501771088051746,
           0.9549038500524537,
           0.9538839727709698,
           0.9561268651367674,
           0.954141009800434,
           0.9499560369064614
          ],
          [
           0.44357414151727664,
           0.5417300701736522,
           0.831394564814733,
           0.8752581538375883,
           0.901196813373604,
           0.9291711089660416,
           0.9478982517835007,
           0.9579133067936837,
           0.9633027199025974,
           0.9723077327230119,
           0.9788405627266389,
           0.9851651271404747,
           0.9910909700184898,
           0.9999999825245821,
           0.9929476172586005,
           0.9841731238746333,
           0.988122964311277,
           0.9870783514890553,
           0.9857684935813709,
           0.9848310444960157,
           0.9853413920488439,
           0.9822495482776511,
           0.9819521472526591,
           0.9806912208258265,
           0.9779329280759147,
           0.9798068685862967,
           0.978152395677856,
           0.9756906508191439,
           0.9705765739566371,
           0.971216226016552,
           0.9712087146347153,
           0.9748333230727153,
           0.969879887073247,
           0.9677611163544618,
           0.9718380593992255,
           0.9683536057819702,
           0.965718114580777,
           0.9644874281777307,
           0.9648860981434386,
           0.9656218957283201,
           0.9624047871798387,
           0.96358541476584,
           0.9563885001442609,
           0.9585429260876093,
           0.9621840996515264,
           0.9618725271295735,
           0.962852520374359,
           0.9604259103282563,
           0.958535204350745
          ],
          [
           0.43549906835587393,
           0.5300856786160566,
           0.8469262411849544,
           0.8834472601018634,
           0.9088086114599738,
           0.9337205644086989,
           0.9475393896467237,
           0.9624241630325026,
           0.9598509276161765,
           0.9698604900277504,
           0.9778783637782963,
           0.9816582687381825,
           0.9899916946634871,
           0.9929476172586005,
           1.0000000464996048,
           0.9857647433892648,
           0.9902200577617223,
           0.9876866487451738,
           0.984249673874568,
           0.987424337829239,
           0.9863920948335945,
           0.98318818200665,
           0.9837735064017297,
           0.9830780204383791,
           0.9807447630758421,
           0.9810134125359192,
           0.9811481950374662,
           0.9795974652637407,
           0.9750220400974178,
           0.9757819406646935,
           0.9747148974984043,
           0.976492547582589,
           0.9740761823752709,
           0.9683357272199719,
           0.9733205555429355,
           0.9704265891377232,
           0.9700766804589352,
           0.9690112668156072,
           0.9660919185423112,
           0.9692536367335809,
           0.9668319636954298,
           0.965587181218351,
           0.9613199981856881,
           0.9632621860701165,
           0.9654638567481113,
           0.9646996928087885,
           0.9661863738205424,
           0.9656805309002997,
           0.9611627992443755
          ],
          [
           0.4624287386186314,
           0.5580309220654535,
           0.833079361468795,
           0.8681377830558054,
           0.8922651301411713,
           0.9204891499642872,
           0.9437110239895813,
           0.9508459226095005,
           0.9612296781930069,
           0.9652559972293161,
           0.9733477576532867,
           0.979469289729115,
           0.9843793056320795,
           0.9841731238746333,
           0.9857647433892648,
           0.9999998481911321,
           0.989127964547074,
           0.9846819727348239,
           0.9826683334980207,
           0.9826167628497432,
           0.980043529570431,
           0.9792055729598796,
           0.9781297569741668,
           0.9754323421504905,
           0.9714034874737771,
           0.9753824480025217,
           0.970203764597555,
           0.9680485813509497,
           0.9639852750592873,
           0.9659734207249682,
           0.963835631894861,
           0.9656460789333376,
           0.9617931143055359,
           0.9588023977969786,
           0.9624193919485421,
           0.9622459936860025,
           0.9565541146146015,
           0.9541032782856224,
           0.9570198323050904,
           0.9557728278242037,
           0.9520998217622111,
           0.9546526819579384,
           0.9474997969331556,
           0.950904143212308,
           0.9525373350302851,
           0.9527427507546133,
           0.9533691663101199,
           0.9524011311630685,
           0.947653972713275
          ],
          [
           0.4431458888990599,
           0.5418982011746174,
           0.841802272966192,
           0.877125200971233,
           0.8967549461039026,
           0.9280771594473726,
           0.9494846242366322,
           0.9529946457075258,
           0.9642259428136515,
           0.9681343874563912,
           0.9733534281219937,
           0.9813342706888458,
           0.9869441213201752,
           0.988122964311277,
           0.9902200577617223,
           0.989127964547074,
           1.000000015616385,
           0.9927929399071743,
           0.9913736465420522,
           0.9910722490041078,
           0.9892849313589567,
           0.9890199324239081,
           0.9876371238474817,
           0.9846634679535036,
           0.9806710766352532,
           0.985079963849817,
           0.9809743585140568,
           0.9788439082988241,
           0.9750744389333623,
           0.9766381986446026,
           0.9737969135458804,
           0.9767314304522289,
           0.9730383504721777,
           0.970128602614631,
           0.975242425458525,
           0.9738723946488743,
           0.9689692711681029,
           0.9661640917130813,
           0.9685230593113725,
           0.9674689757081684,
           0.9640158864724536,
           0.9665197280873319,
           0.9598190510725058,
           0.9619134925397269,
           0.9650127985887809,
           0.9647348102546511,
           0.9653968636542075,
           0.9639614528428773,
           0.9601486025233816
          ],
          [
           0.4359352043493374,
           0.5382766614912802,
           0.838354425174555,
           0.8760206208383321,
           0.8984415249691563,
           0.9255061119257868,
           0.945270627371885,
           0.9519103417436626,
           0.9594666402469637,
           0.9659984592242715,
           0.9701156283962539,
           0.9761366195799389,
           0.9827280297682291,
           0.9870783514890553,
           0.9876866487451738,
           0.9846819727348239,
           0.9927929399071743,
           1.0000001858409373,
           0.9927174110853515,
           0.9925837502183291,
           0.9922743286285137,
           0.9911260649151771,
           0.9902766811124367,
           0.9879838397867645,
           0.9852429141794218,
           0.9878287144096695,
           0.983900092358028,
           0.98257981596735,
           0.9792629511536326,
           0.979381783318151,
           0.9785788871628555,
           0.9814739553442596,
           0.9772952286193698,
           0.9759275138135103,
           0.9775217935683553,
           0.9768282306849727,
