{
 "cells": [
  {
   "cell_type": "markdown",
   "metadata": {},
   "source": [
    "# Figure 6 SM"
   ]
  },
  {
   "cell_type": "code",
   "execution_count": 2,
   "metadata": {},
   "outputs": [
    {
     "data": {
      "text/html": [
       "        <script type=\"text/javascript\">\n",
       "        window.PlotlyConfig = {MathJaxConfig: 'local'};\n",
       "        if (window.MathJax) {MathJax.Hub.Config({SVG: {font: \"STIX-Web\"}});}\n",
       "        if (typeof require !== 'undefined') {\n",
       "        require.undef(\"plotly\");\n",
       "        requirejs.config({\n",
       "            paths: {\n",
       "                'plotly': ['https://cdn.plot.ly/plotly-latest.min']\n",
       "            }\n",
       "        });\n",
       "        require(['plotly'], function(Plotly) {\n",
       "            window._Plotly = Plotly;\n",
       "        });\n",
       "        }\n",
       "        </script>\n",
       "        "
      ]
     },
     "metadata": {},
     "output_type": "display_data"
    }
   ],
   "source": [
    "import autodisc as ad\n",
    "import random\n",
    "import numpy as np\n",
    "import collections\n",
    "import os\n",
    "import plotly\n",
    "import plotly.graph_objs as go\n",
    "plotly.offline.init_notebook_mode(connected=True)"
   ]
  },
  {
   "cell_type": "code",
   "execution_count": 3,
   "metadata": {},
   "outputs": [],
   "source": [
    "# default print properties\n",
    "multiplier = 2\n",
    "\n",
    "pixel_cm_ration = 36.5\n",
    "\n",
    "width_full = int(13.95 * pixel_cm_ration) * multiplier\n",
    "width_half = int(13.95/2 * pixel_cm_ration) * multiplier\n",
    "\n",
    "height_default_1 = int(4.5 * pixel_cm_ration) * multiplier\n",
    "height_default_2 = int(7 * pixel_cm_ration) * multiplier\n",
    "\n",
    "# margins in pixel\n",
    "top_margin = 0 * multiplier \n",
    "left_margin = 10 * multiplier \n",
    "right_margin = 0 * multiplier \n",
    "bottom_margin = 10 * multiplier \n",
    "\n",
    "font_size = 8 * multiplier \n",
    "font_family='Times New Roman'\n",
    "\n",
    "line_width = 2 * multiplier "
   ]
  },
  {
   "cell_type": "code",
   "execution_count": 4,
   "metadata": {},
   "outputs": [
    {
     "data": {
      "text/html": [
       "        <script type=\"text/javascript\">\n",
       "        window.PlotlyConfig = {MathJaxConfig: 'local'};\n",
       "        if (window.MathJax) {MathJax.Hub.Config({SVG: {font: \"STIX-Web\"}});}\n",
       "        if (typeof require !== 'undefined') {\n",
       "        require.undef(\"plotly\");\n",
       "        requirejs.config({\n",
       "            paths: {\n",
       "                'plotly': ['https://cdn.plot.ly/plotly-latest.min']\n",
       "            }\n",
       "        });\n",
       "        require(['plotly'], function(Plotly) {\n",
       "            window._Plotly = Plotly;\n",
       "        });\n",
       "        }\n",
       "        </script>\n",
       "        "
      ]
     },
     "metadata": {},
     "output_type": "display_data"
    }
   ],
   "source": [
    "plotly.offline.init_notebook_mode(connected=True)\n",
    "\n",
    "org_experiment_definitions = dict()\n",
    "\n",
    "org_experiment_definitions['main_paper'] = [\n",
    "    dict(id = '1',\n",
    "         directory = '../experiments/IMGEP-HOLMES',\n",
    "         name = 'IMGEP-HOLMES',\n",
    "         is_default = True),\n",
    "]\n",
    "repetition_ids = list(range(1))\n",
    "\n",
    "# define names and load the data\n",
    "experiment_name_format = '<name>' # <id>, <name>\n",
    "\n",
    "#global experiment_definitions\n",
    "experiment_definitions = []\n",
    "experiment_statistics = []\n",
    "\n",
    "current_experiment_list = 'main_paper'\n",
    "\n",
    "experiment_definitions = []\n",
    "for org_exp_def in org_experiment_definitions[current_experiment_list]:\n",
    "    new_exp_def = dict()\n",
    "    new_exp_def['directory'] = org_exp_def['directory']\n",
    "    if 'is_default' in org_exp_def:\n",
    "        new_exp_def['is_default'] = org_exp_def['is_default']\n",
    "\n",
    "    if 'name' in org_exp_def:\n",
    "        new_exp_def['id'] = ad.gui.jupyter.misc.replace_str_from_dict(experiment_name_format, {'id': org_exp_def['id'], 'name': org_exp_def['name']})\n",
    "    else:\n",
    "        new_exp_def['id'] = ad.gui.jupyter.misc.replace_str_from_dict(experiment_name_format, {'id': org_exp_def['id']})\n",
    "\n",
    "    experiment_definitions.append(new_exp_def)\n",
    "\n",
    "experiment_statistics = dict()\n",
    "for experiment_definition in experiment_definitions:\n",
    "    experiment_statistics[experiment_definition['id']] = dict()\n",
    "    for repetition_idx in repetition_ids:\n",
    "        experiment_statistics[experiment_definition['id']][repetition_idx] = ad.gui.jupyter.misc.load_statistics(os.path.join(experiment_definition['directory'], 'repetition_{:06d}'.format(repetition_idx)))\n",
    "       "
   ]
  },
  {
   "cell_type": "markdown",
   "metadata": {},
   "source": [
    "# Plotting"
   ]
  },
  {
   "cell_type": "markdown",
   "metadata": {},
   "source": [
    "## RSA Matrix"
   ]
  },
  {
   "cell_type": "code",
   "execution_count": 5,
   "metadata": {},
   "outputs": [],
   "source": [
    "def plot_goalspaces_RSAmatrix(RSA_matrix, config=None, **kwargs):\n",
    "    \n",
    "    default_config = dict(\n",
    "            random_seed = 0,\n",
    "\n",
    "            # global style config\n",
    "            global_layout = dict(\n",
    "                    \n",
    "                    xaxis=dict(\n",
    "                        showline = True,\n",
    "                        linewidth = 1,\n",
    "                        zeroline=False,\n",
    "                        ticks = \"\",\n",
    "                        tickfont = dict(\n",
    "                            family=font_family,\n",
    "                            size=12, \n",
    "                            ),\n",
    "                    ),\n",
    "                    yaxis=dict(\n",
    "                        showline = True,\n",
    "                        linewidth = 1,\n",
    "                        zeroline=False,\n",
    "                        ticks = \"\",\n",
    "                        tickfont = dict(\n",
    "                            family=font_family,\n",
    "                            size=12, \n",
    "                            ),\n",
    "                    ),\n",
    "                    font = dict(\n",
    "                        family=font_family, \n",
    "                        size=font_size, \n",
    "                        ),\n",
    "                    width = width_half, # in cm\n",
    "                    height = height_default_1 , # in cm\n",
    "\n",
    "                    margin = dict(\n",
    "                        l=left_margin, #left margin in pixel\n",
    "                        r=right_margin, #right margin in pixel\n",
    "                        b=bottom_margin, #bottom margin in pixel\n",
    "                        t=top_margin,  #top margin in pixel\n",
    "                        ),\n",
    "                    title = \"\",\n",
    "                    hovermode='closest',\n",
    "                    showlegend =  True,\n",
    "                ),\n",
    "            \n",
    "            colorscale = 'Viridis',\n",
    "            showscale = False\n",
    "            )\n",
    "    \n",
    "    config = ad.config.set_default_config(kwargs, config, default_config)\n",
    "    random.seed(config.random_seed)\n",
    "    \n",
    "    n_goal_spaces = len(config.space_names)\n",
    "    x = np.array(config.space_names)\n",
    "    y = np.array(config.space_names)    \n",
    "    z = np.asarray([[RSA_matrix[m_i, m_j] for m_i in range(n_goal_spaces)] for m_j in range(n_goal_spaces)])\n",
    "    \n",
    "    figure = dict(data=[go.Heatmap(x=x, y=y, z=z, colorscale=config.colorscale, showscale=config.showscale)], layout=config.global_layout)\n",
    "    plotly.offline.iplot(figure)\n",
    "    \n",
    "    return figure\n"
   ]
  },
  {
   "cell_type": "code",
   "execution_count": 6,
   "metadata": {},
   "outputs": [],
   "source": [
    "default_config = dict(\n",
    "    plotly_format = 'svg',\n",
    "    layout = dict(\n",
    "        title = \"RSA Similarity Before and After <br> Training Stage\",\n",
    "        xaxis = dict(\n",
    "            range=[-1, 48],\n",
    "            title = 'training stage'\n",
    "            ),\n",
    "        yaxis = dict(\n",
    "            title = 'RSA similarity'\n",
    "            ),\n",
    "        font = dict(\n",
    "            family=font_family, \n",
    "            size=font_size, \n",
    "#            color='rgb(0,0,0)'\n",
    "            ),\n",
    "        updatemenus=[],\n",
    "        width=width_half, # in cm\n",
    "        height=height_default_1, # in cm\n",
    "        \n",
    "        margin = dict(\n",
    "            l=left_margin, #left margin in pixel\n",
    "            r=right_margin, #right margin in pixel\n",
    "            b=bottom_margin, #bottom margin in pixel\n",
    "            t=top_margin,  #top margin in pixel\n",
    "            ),\n",
    "\n",
    "       showlegend = False,       \n",
    "        ),\n",
    "    \n",
    "    default_mean_trace = dict(line=dict(width = line_width), mode='lines+markers'),\n",
    "    \n",
    "    std=dict(\n",
    "            style='errorbar',\n",
    "            visible=True\n",
    "        ),\n",
    "   \n",
    ")"
   ]
  },
  {
   "cell_type": "markdown",
   "metadata": {},
   "source": [
    "# HOLMES RSA Temporal Analysis per BC Module"
   ]
  },
  {
   "cell_type": "code",
   "execution_count": 7,
   "metadata": {
    "scrolled": false
   },
   "outputs": [
    {
     "data": {
      "application/vnd.plotly.v1+json": {
       "config": {
        "linkText": "Export to plot.ly",
        "plotlyServerURL": "https://plot.ly",
        "showLink": false
       },
       "data": [
        {
         "colorscale": [
          [
           0,
           "#440154"
          ],
          [
           0.1111111111111111,
           "#482878"
          ],
          [
           0.2222222222222222,
           "#3e4989"
          ],
          [
           0.3333333333333333,
           "#31688e"
          ],
          [
           0.4444444444444444,
           "#26828e"
          ],
          [
           0.5555555555555556,
           "#1f9e89"
          ],
          [
           0.6666666666666666,
           "#35b779"
          ],
          [
           0.7777777777777778,
           "#6ece58"
          ],
          [
           0.8888888888888888,
           "#b5de2b"
          ],
          [
           1,
           "#fde725"
          ]
         ],
         "showscale": false,
         "type": "heatmap",
         "x": [
          "1",
          "2",
          "3",
          "4",
          "5",
          "6",
          "7",
          "8",
          "9",
          "10",
          "11",
          "12",
          "13",
          "14",
          "15",
          "16",
          "17",
          "18",
          "19",
          "20",
          "21",
          "22",
          "23",
          "24",
          "25",
          "26",
          "27",
          "28",
          "29",
          "30",
          "31",
          "32",
          "33",
          "34",
          "35",
          "36",
          "37",
          "38",
          "39",
          "40",
          "41",
          "42",
          "43",
          "44",
          "45",
          "46",
          "47",
          "48",
          "49"
         ],
         "y": [
          "1",
          "2",
          "3",
          "4",
          "5",
          "6",
          "7",
          "8",
          "9",
          "10",
          "11",
          "12",
          "13",
          "14",
          "15",
          "16",
          "17",
          "18",
          "19",
          "20",
          "21",
          "22",
          "23",
          "24",
          "25",
          "26",
          "27",
          "28",
          "29",
          "30",
          "31",
          "32",
          "33",
          "34",
          "35",
          "36",
          "37",
          "38",
          "39",
          "40",
          "41",
          "42",
          "43",
          "44",
          "45",
          "46",
          "47",
          "48",
          "49"
         ],
         "z": [
          [
           1.000000031856268,
           0.8737941860372194,
           0.7922620628612651,
           0.7740493182405179,
           0.7566792110417093,
           0.7507410714718757,
           0.7480076097593019,
           0.7630911046712093,
           0.7689129151428525,
           0.7676248704061619,
           0.7792220197292425,
           0.8040288836067089,
           0.8181791949656022,
           0.818331764804273,
           0.8197786371455306,
           0.8182756076437976,
           0.8084166843253969,
           0.8148240294224302,
           0.8175912507292942,
           0.8157886898452217,
           0.8093197058197874,
           0.8093197058197874,
           0.8093197058197874,
           0.8093197058197874,
           0.8093197058197874,
           0.8093197058197874,
           0.8093197058197874,
           0.8093197058197874,
           0.8093197058197874,
           0.8093197058197874,
           0.8093197058197874,
           0.8093197058197874,
           0.8093197058197874,
           0.8093197058197874,
           0.8093197058197874,
           0.8093197058197874,
           0.8093197058197874,
           0.8093197058197874,
           0.8093197058197874,
           0.8093197058197874,
           0.8093197058197874,
           0.8093197058197874,
           0.8093197058197874,
           0.8093197058197874,
           0.8093197058197874,
           0.8093197058197874,
           0.8093197058197874,
           0.8093197058197874,
           0.8093197058197874
          ],
          [
           0.8737941860372194,
           1.0000000015527601,
           0.8587246959518521,
           0.8683439454686062,
           0.8728075930012749,
           0.8636163234715231,
           0.8583578316574575,
           0.8622196453416422,
           0.8638491628017732,
           0.8516124385580212,
           0.8524722668281196,
           0.8583239869530057,
           0.8633484440921194,
           0.8617365988489457,
           0.8593531226131129,
           0.8611814726887511,
           0.8526975429273226,
           0.8518445152657633,
           0.8556390400835648,
           0.8525575251472836,
           0.857154597051991,
           0.857154597051991,
           0.857154597051991,
           0.857154597051991,
           0.857154597051991,
           0.857154597051991,
           0.857154597051991,
           0.857154597051991,
           0.857154597051991,
           0.857154597051991,
           0.857154597051991,
           0.857154597051991,
           0.857154597051991,
           0.857154597051991,
           0.857154597051991,
           0.857154597051991,
           0.857154597051991,
           0.857154597051991,
           0.857154597051991,
           0.857154597051991,
           0.857154597051991,
           0.857154597051991,
           0.857154597051991,
           0.857154597051991,
           0.857154597051991,
           0.857154597051991,
           0.857154597051991,
           0.857154597051991,
           0.857154597051991
          ],
          [
           0.7922620628612651,
           0.8587246959518521,
           1.0000001448319995,
           0.9757040099042472,
           0.9535107643329258,
           0.9344273690128194,
           0.9219302572534619,
           0.914824446980249,
           0.9035563880191444,
           0.8880451323632346,
           0.8837948607038306,
           0.8802814913679936,
           0.885625114808117,
           0.8751676874931904,
           0.8798659815713451,
           0.8750155524541893,
           0.8757957440662361,
           0.8719161220581948,
           0.8724520142287264,
           0.8758406867710197,
           0.8707240559790383,
           0.8707240559790383,
           0.8707240559790383,
           0.8707240559790383,
           0.8707240559790383,
           0.8707240559790383,
           0.8707240559790383,
           0.8707240559790383,
           0.8707240559790383,
           0.8707240559790383,
           0.8707240559790383,
           0.8707240559790383,
           0.8707240559790383,
           0.8707240559790383,
           0.8707240559790383,
           0.8707240559790383,
           0.8707240559790383,
           0.8707240559790383,
           0.8707240559790383,
           0.8707240559790383,
           0.8707240559790383,
           0.8707240559790383,
           0.8707240559790383,
           0.8707240559790383,
           0.8707240559790383,
           0.8707240559790383,
           0.8707240559790383,
           0.8707240559790383,
           0.8707240559790383
          ],
          [
           0.7740493182405179,
           0.8683439454686062,
           0.9757040099042472,
           1.0000000391580595,
           0.9876085774629865,
           0.9687288375524314,
           0.9563640017679476,
           0.9515436459072316,
           0.9414963177104377,
           0.9272747826734946,
           0.9194854516915193,
           0.9126853119715245,
           0.9147727717061647,
           0.9047216087597805,
           0.9074084335742302,
           0.9035193945507806,
           0.9052547773955604,
           0.9001815782990173,
           0.901161480786266,
           0.9025487674629947,
           0.9009523497652161,
           0.9009523497652161,
           0.9009523497652161,
           0.9009523497652161,
           0.9009523497652161,
           0.9009523497652161,
           0.9009523497652161,
           0.9009523497652161,
           0.9009523497652161,
           0.9009523497652161,
           0.9009523497652161,
           0.9009523497652161,
           0.9009523497652161,
           0.9009523497652161,
           0.9009523497652161,
           0.9009523497652161,
           0.9009523497652161,
           0.9009523497652161,
           0.9009523497652161,
           0.9009523497652161,
           0.9009523497652161,
           0.9009523497652161,
           0.9009523497652161,
           0.9009523497652161,
           0.9009523497652161,
           0.9009523497652161,
           0.9009523497652161,
           0.9009523497652161,
           0.9009523497652161
          ],
          [
           0.7566792110417093,
           0.8728075930012749,
           0.9535107643329258,
           0.9876085774629865,
           1.0000000082414184,
           0.9891344481094648,
           0.9805809090014005,
           0.9745439950353998,
           0.9643499032654574,
           0.9499164537658963,
           0.9408487367008448,
           0.929338407416647,
           0.9272797684853791,
           0.9199548109604184,
           0.921278476945947,
           0.9184908722663073,
           0.9198805596439785,
           0.9119815120435245,
           0.913175467081813,
           0.9149776724427892,
           0.9158256565747153,
           0.9158256565747153,
           0.9158256565747153,
           0.9158256565747153,
           0.9158256565747153,
           0.9158256565747153,
           0.9158256565747153,
           0.9158256565747153,
           0.9158256565747153,
           0.9158256565747153,
           0.9158256565747153,
           0.9158256565747153,
           0.9158256565747153,
           0.9158256565747153,
           0.9158256565747153,
           0.9158256565747153,
           0.9158256565747153,
           0.9158256565747153,
           0.9158256565747153,
           0.9158256565747153,
           0.9158256565747153,
           0.9158256565747153,
           0.9158256565747153,
           0.9158256565747153,
           0.9158256565747153,
           0.9158256565747153,
           0.9158256565747153,
           0.9158256565747153,
           0.9158256565747153
          ],
          [
           0.7507410714718757,
           0.8636163234715231,
           0.9344273690128194,
           0.9687288375524314,
           0.9891344481094648,
           1.0000000150490325,
           0.994397178575752,
           0.9869921123397816,
           0.9762674590773113,
           0.9631145852709349,
           0.9525943206753142,
           0.9393281825493305,
           0.9364129091223566,
           0.9300931664842413,
           0.9301947536157142,
           0.9281741857414367,
           0.929180856494507,
           0.9198318832722119,
           0.9218288897791465,
           0.9252227374459219,
           0.9257248852877925,
           0.9257248852877925,
           0.9257248852877925,
           0.9257248852877925,
           0.9257248852877925,
           0.9257248852877925,
           0.9257248852877925,
           0.9257248852877925,
           0.9257248852877925,
           0.9257248852877925,
           0.9257248852877925,
           0.9257248852877925,
           0.9257248852877925,
           0.9257248852877925,
           0.9257248852877925,
           0.9257248852877925,
           0.9257248852877925,
           0.9257248852877925,
           0.9257248852877925,
           0.9257248852877925,
           0.9257248852877925,
           0.9257248852877925,
           0.9257248852877925,
           0.9257248852877925,
           0.9257248852877925,
           0.9257248852877925,
           0.9257248852877925,
           0.9257248852877925,
           0.9257248852877925
          ],
          [
           0.7480076097593019,
           0.8583578316574575,
           0.9219302572534619,
           0.9563640017679476,
           0.9805809090014005,
           0.994397178575752,
           1.0000001691354483,
           0.993515854473744,
           0.984182217157352,
           0.9733194387192786,
           0.9631083768523226,
           0.9486466778670108,
           0.9440680518897229,
           0.9387899267797206,
           0.9386071594731952,
           0.9367589693818914,
           0.9380070830273898,
           0.9282602394659561,
           0.9300739225801253,
           0.9332978501166967,
           0.9343081568561997,
           0.9343081568561997,
           0.9343081568561997,
           0.9343081568561997,
           0.9343081568561997,
           0.9343081568561997,
           0.9343081568561997,
           0.9343081568561997,
           0.9343081568561997,
           0.9343081568561997,
           0.9343081568561997,
           0.9343081568561997,
           0.9343081568561997,
           0.9343081568561997,
           0.9343081568561997,
           0.9343081568561997,
           0.9343081568561997,
           0.9343081568561997,
           0.9343081568561997,
           0.9343081568561997,
           0.9343081568561997,
           0.9343081568561997,
           0.9343081568561997,
           0.9343081568561997,
           0.9343081568561997,
           0.9343081568561997,
           0.9343081568561997,
           0.9343081568561997,
           0.9343081568561997
          ],
          [
           0.7630911046712093,
           0.8622196453416422,
           0.914824446980249,
           0.9515436459072316,
           0.9745439950353998,
           0.9869921123397816,
           0.993515854473744,
           1.000000000349293,
           0.9949132568260908,
           0.9862753947186118,
           0.9798337152754688,
           0.9682275224553148,
           0.9641638842987641,
           0.9590023926558591,
           0.9576325179863646,
           0.9563928372906395,
           0.9573664366792445,
           0.9505746182168294,
           0.9513098651166852,
           0.9528718552863064,
           0.9541426032753269,
           0.9541426032753269,
           0.9541426032753269,
           0.9541426032753269,
           0.9541426032753269,
           0.9541426032753269,
           0.9541426032753269,
           0.9541426032753269,
           0.9541426032753269,
           0.9541426032753269,
           0.9541426032753269,
           0.9541426032753269,
           0.9541426032753269,
           0.9541426032753269,
           0.9541426032753269,
           0.9541426032753269,
           0.9541426032753269,
           0.9541426032753269,
           0.9541426032753269,
           0.9541426032753269,
           0.9541426032753269,
           0.9541426032753269,
           0.9541426032753269,
           0.9541426032753269,
           0.9541426032753269,
           0.9541426032753269,
           0.9541426032753269,
           0.9541426032753269,
           0.9541426032753269
          ],
          [
           0.7689129151428525,
           0.8638491628017732,
           0.9035563880191444,
           0.9414963177104377,
           0.9643499032654574,
           0.9762674590773113,
           0.984182217157352,
           0.9949132568260908,
           1.0000001597344303,
           0.9927534334371574,
           0.9892689291402232,
           0.9791886142680667,
           0.9753031494986533,
           0.9708094644388171,
           0.9694327787822288,
           0.9685248706311881,
           0.9689872486433098,
           0.9627881944439001,
           0.9634666750811142,
           0.9645262442426864,
           0.9663103115844771,
           0.9663103115844771,
           0.9663103115844771,
           0.9663103115844771,
           0.9663103115844771,
           0.9663103115844771,
           0.9663103115844771,
           0.9663103115844771,
           0.9663103115844771,
           0.9663103115844771,
           0.9663103115844771,
           0.9663103115844771,
           0.9663103115844771,
           0.9663103115844771,
           0.9663103115844771,
           0.9663103115844771,
           0.9663103115844771,
           0.9663103115844771,
           0.9663103115844771,
           0.9663103115844771,
           0.9663103115844771,
           0.9663103115844771,
           0.9663103115844771,
           0.9663103115844771,
           0.9663103115844771,
           0.9663103115844771,
           0.9663103115844771,
           0.9663103115844771,
           0.9663103115844771
          ],
          [
           0.7676248704061619,
           0.8516124385580212,
           0.8880451323632346,
           0.9272747826734946,
           0.9499164537658963,
           0.9631145852709349,
           0.9733194387192786,
           0.9862753947186118,
           0.9927534334371574,
           1.000000016339357,
           0.994681744832718,
           0.9858127658585548,
           0.980417713215434,
           0.9766803509564729,
           0.9749302710025269,
           0.9728339495743888,
           0.9736284166467906,
           0.9669941031994661,
           0.9675412083452789,
           0.967294542585966,
           0.9689944494819727,
           0.9689944494819727,
           0.9689944494819727,
           0.9689944494819727,
           0.9689944494819727,
           0.9689944494819727,
           0.9689944494819727,
           0.9689944494819727,
           0.9689944494819727,
           0.9689944494819727,
           0.9689944494819727,
           0.9689944494819727,
           0.9689944494819727,
           0.9689944494819727,
           0.9689944494819727,
           0.9689944494819727,
           0.9689944494819727,
           0.9689944494819727,
           0.9689944494819727,
           0.9689944494819727,
           0.9689944494819727,
           0.9689944494819727,
           0.9689944494819727,
           0.9689944494819727,
           0.9689944494819727,
           0.9689944494819727,
           0.9689944494819727,
           0.9689944494819727,
           0.9689944494819727
          ],
          [
           0.7792220197292425,
           0.8524722668281196,
           0.8837948607038306,
           0.9194854516915193,
           0.9408487367008448,
           0.9525943206753142,
           0.9631083768523226,
           0.9798337152754688,
           0.9892689291402232,
           0.994681744832718,
           0.9999999899978422,
           0.9937371277962529,
           0.9892897301535503,
           0.9862491002008599,
           0.9838294571361753,
           0.9819921017215089,
           0.9829406676736505,
           0.9777052663816189,
           0.9773898292772073,
           0.9767142030740207,
           0.9785132911697113,
           0.9785132911697113,
           0.9785132911697113,
           0.9785132911697113,
           0.9785132911697113,
           0.9785132911697113,
           0.9785132911697113,
           0.9785132911697113,
           0.9785132911697113,
           0.9785132911697113,
           0.9785132911697113,
           0.9785132911697113,
           0.9785132911697113,
           0.9785132911697113,
           0.9785132911697113,
           0.9785132911697113,
           0.9785132911697113,
           0.9785132911697113,
           0.9785132911697113,
           0.9785132911697113,
           0.9785132911697113,
           0.9785132911697113,
           0.9785132911697113,
           0.9785132911697113,
           0.9785132911697113,
           0.9785132911697113,
           0.9785132911697113,
           0.9785132911697113,
           0.9785132911697113
          ],
          [
           0.8040288836067089,
           0.8583239869530057,
           0.8802814913679936,
           0.9126853119715245,
           0.929338407416647,
           0.9393281825493305,
           0.9486466778670108,
           0.9682275224553148,
           0.9791886142680667,
           0.9858127658585548,
           0.9937371277962529,
           0.9999998861328027,
           0.9976683175321797,
           0.9957449487982136,
           0.9938161946695871,
           0.9922742281639292,
           0.9920273477993411,
           0.9890162021750896,
           0.9886791728763002,
           0.9872208370083893,
           0.9880294700891319,
           0.9880294700891319,
           0.9880294700891319,
           0.9880294700891319,
           0.9880294700891319,
           0.9880294700891319,
           0.9880294700891319,
           0.9880294700891319,
           0.9880294700891319,
           0.9880294700891319,
           0.9880294700891319,
           0.9880294700891319,
           0.9880294700891319,
           0.9880294700891319,
           0.9880294700891319,
           0.9880294700891319,
           0.9880294700891319,
           0.9880294700891319,
           0.9880294700891319,
           0.9880294700891319,
           0.9880294700891319,
           0.9880294700891319,
           0.9880294700891319,
           0.9880294700891319,
           0.9880294700891319,
           0.9880294700891319,
           0.9880294700891319,
           0.9880294700891319,
           0.9880294700891319
          ],
          [
           0.8181791949656022,
           0.8633484440921194,
           0.885625114808117,
           0.9147727717061647,
           0.9272797684853791,
           0.9364129091223566,
           0.9440680518897229,
           0.9641638842987641,
           0.9753031494986533,
           0.980417713215434,
           0.9892897301535503,
           0.9976683175321797,
           0.9999998420688027,
           0.9977935833924366,
           0.9961870861019201,
           0.994781124993887,
           0.9938963725849338,
           0.9920309511617574,
           0.9914798474393435,
           0.9900357170438258,
           0.9900256405214721,
           0.9900256405214721,
           0.9900256405214721,
           0.9900256405214721,
           0.9900256405214721,
           0.9900256405214721,
           0.9900256405214721,
           0.9900256405214721,
           0.9900256405214721,
           0.9900256405214721,
           0.9900256405214721,
           0.9900256405214721,
           0.9900256405214721,
           0.9900256405214721,
           0.9900256405214721,
           0.9900256405214721,
           0.9900256405214721,
           0.9900256405214721,
           0.9900256405214721,
           0.9900256405214721,
           0.9900256405214721,
           0.9900256405214721,
           0.9900256405214721,
           0.9900256405214721,
           0.9900256405214721,
           0.9900256405214721,
           0.9900256405214721,
           0.9900256405214721,
           0.9900256405214721
          ],
          [
           0.818331764804273,
           0.8617365988489457,
           0.8751676874931904,
           0.9047216087597805,
           0.9199548109604184,
           0.9300931664842413,
           0.9387899267797206,
           0.9590023926558591,
           0.9708094644388171,
           0.9766803509564729,
           0.9862491002008599,
           0.9957449487982136,
           0.9977935833924366,
           1.0000001593589327,
           0.9983161516731912,
           0.9978664212320268,
           0.9966561051587357,
           0.9948026070834611,
           0.9944970053250932,
           0.9927045373240124,
           0.9931734702137366,
           0.9931734702137366,
           0.9931734702137366,
           0.9931734702137366,
           0.9931734702137366,
           0.9931734702137366,
           0.9931734702137366,
           0.9931734702137366,
           0.9931734702137366,
           0.9931734702137366,
           0.9931734702137366,
           0.9931734702137366,
           0.9931734702137366,
           0.9931734702137366,
           0.9931734702137366,
           0.9931734702137366,
           0.9931734702137366,
           0.9931734702137366,
           0.9931734702137366,
           0.9931734702137366,
           0.9931734702137366,
           0.9931734702137366,
           0.9931734702137366,
           0.9931734702137366,
           0.9931734702137366,
           0.9931734702137366,
           0.9931734702137366,
           0.9931734702137366,
           0.9931734702137366
          ],
          [
           0.8197786371455306,
           0.8593531226131129,
           0.8798659815713451,
           0.9074084335742302,
           0.921278476945947,
           0.9301947536157142,
           0.9386071594731952,
           0.9576325179863646,
           0.9694327787822288,
           0.9749302710025269,
           0.9838294571361753,
           0.9938161946695871,
           0.9961870861019201,
           0.9983161516731912,
           0.999999991805366,
           0.9988154389148245,
           0.9979126523736256,
           0.9954936325855667,
           0.9953380301329222,
           0.9944086608171574,
           0.9941951342722273,
           0.9941951342722273,
           0.9941951342722273,
           0.9941951342722273,
           0.9941951342722273,
           0.9941951342722273,
           0.9941951342722273,
           0.9941951342722273,
           0.9941951342722273,
           0.9941951342722273,
           0.9941951342722273,
           0.9941951342722273,
           0.9941951342722273,
           0.9941951342722273,
           0.9941951342722273,
           0.9941951342722273,
           0.9941951342722273,
           0.9941951342722273,
           0.9941951342722273,
           0.9941951342722273,
           0.9941951342722273,
           0.9941951342722273,
           0.9941951342722273,
           0.9941951342722273,
           0.9941951342722273,
           0.9941951342722273,
           0.9941951342722273,
           0.9941951342722273,
           0.9941951342722273
          ],
          [
           0.8182756076437976,
           0.8611814726887511,
           0.8750155524541893,
           0.9035193945507806,
           0.9184908722663073,
           0.9281741857414367,
           0.9367589693818914,
           0.9563928372906395,
           0.9685248706311881,
           0.9728339495743888,
           0.9819921017215089,
           0.9922742281639292,
           0.994781124993887,
           0.9978664212320268,
           0.9988154389148245,
           1.000000102830537,
           0.9986973729281893,
           0.9971864783778794,
           0.9972165346213312,
           0.9962356784597493,
           0.9964767376783594,
           0.9964767376783594,
           0.9964767376783594,
           0.9964767376783594,
           0.9964767376783594,
           0.9964767376783594,
           0.9964767376783594,
           0.9964767376783594,
           0.9964767376783594,
           0.9964767376783594,
           0.9964767376783594,
           0.9964767376783594,
           0.9964767376783594,
           0.9964767376783594,
           0.9964767376783594,
           0.9964767376783594,
           0.9964767376783594,
           0.9964767376783594,
           0.9964767376783594,
           0.9964767376783594,
           0.9964767376783594,
           0.9964767376783594,
           0.9964767376783594,
           0.9964767376783594,
           0.9964767376783594,
           0.9964767376783594,
           0.9964767376783594,
           0.9964767376783594,
           0.9964767376783594
          ],
          [
           0.8084166843253969,
           0.8526975429273226,
           0.8757957440662361,
           0.9052547773955604,
           0.9198805596439785,
           0.929180856494507,
           0.9380070830273898,
           0.9573664366792445,
           0.9689872486433098,
           0.9736284166467906,
           0.9829406676736505,
           0.9920273477993411,
           0.9938963725849338,
           0.9966561051587357,
           0.9979126523736256,
           0.9986973729281893,
           1.000000101174122,
           0.997931426084175,
           0.9977518857274071,
           0.9970310420668627,
           0.9971951666032265,
           0.9971951666032265,
           0.9971951666032265,
           0.9971951666032265,
           0.9971951666032265,
           0.9971951666032265,
           0.9971951666032265,
           0.9971951666032265,
           0.9971951666032265,
           0.9971951666032265,
           0.9971951666032265,
           0.9971951666032265,
           0.9971951666032265,
           0.9971951666032265,
           0.9971951666032265,
           0.9971951666032265,
           0.9971951666032265,
           0.9971951666032265,
           0.9971951666032265,
           0.9971951666032265,
           0.9971951666032265,
           0.9971951666032265,
           0.9971951666032265,
           0.9971951666032265,
           0.9971951666032265,
           0.9971951666032265,
           0.9971951666032265,
           0.9971951666032265,
           0.9971951666032265
          ],
          [
           0.8148240294224302,
           0.8518445152657633,
           0.8719161220581948,
           0.9001815782990173,
           0.9119815120435245,
           0.9198318832722119,
           0.9282602394659561,
           0.9505746182168294,
           0.9627881944439001,
           0.9669941031994661,
           0.9777052663816189,
           0.9890162021750896,
           0.9920309511617574,
           0.9948026070834611,
           0.9954936325855667,
           0.9971864783778794,
           0.997931426084175,
           0.9999998645380817,
           0.9989050318779418,
           0.9973226664057486,
           0.9973560858412437,
           0.9973560858412437,
           0.9973560858412437,
           0.9973560858412437,
           0.9973560858412437,
           0.9973560858412437,
           0.9973560858412437,
           0.9973560858412437,
           0.9973560858412437,
           0.9973560858412437,
           0.9973560858412437,
           0.9973560858412437,
           0.9973560858412437,
           0.9973560858412437,
           0.9973560858412437,
           0.9973560858412437,
           0.9973560858412437,
           0.9973560858412437,
           0.9973560858412437,
